max:+ x0 + x1 + x2 + x3 + x4 + x5 + x6 + x7 + x8 + x9 + x10 + x11 + x12 + x13 + x14 + x15 ;

 /* sigma variables*/
x0 = 43.31671375;
x1 = 43.31671375;
x2 = 45.2470558;
x3 = 45.2470558;
x4 = 44.91866244;
x5 = 44.91866244;
x6 = 45.2470558;
x7 = 45.2470558;
x8 = 43.31671375;
x9 = 43.31671375;
x10 = 45.2470558;
x11 = 45.2470558;
x12 = 44.91866244;
x13 = 44.91866244;
x14 = 45.2470558;
x15 = 45.2470558;
