max:+ x0 + x1 + x2 + x3 + x4 + x5 + x6 + x7 + x8 + x9 ;

 /* sigma variables*/
x0 = 2059.66451077;
x1 = 1636.16593122;
x2 = 1525.7079587;
x3 = 1403.70217835;
x4 = 1281.25846598;
x5 = 1157.85991516;
x6 = 1031.7544961;
x7 = 900.382875;
x8 = 800.0;
x9 = 2059.66451077;
